-6 -8.3
5.97 -8.33
-0.36 9.06
-0.73 7.94
-1.29 6.21
-1.61 5.22
-2 4
-2.3 3.09
-3.59 3.07
-4.86 3.20
-6.02 3.07
-7 3
-8.3 2.3
-8 1.8
-7.3 1.3
-6.7 0.9
-6 0.4
-5.3 -0.13
-4.9 -0.43
-4.3 -0.9
-3.8 -1.7
-4 -2.4
-3.7 -1.3
-5.26 -5.98
-5.68 -7.3
-4.6 -3.8
-5.2 -7.7
-4.41 -6.99
-3.61 -6.59
-2.75 -6.08
-2.17 -5.54
-1.14 -4.98
-0.8 -4.54
-0.02 -3.97
0.48 -4.35
1.33 -4.84
1.85 -5.34
2.85 -6.07
3.46 -6.67
4.38 -7.18
5.19 -7.76
5.79 -7.73
5.55 -7.02
5.3 -6.26
5.13 -5.71
5.04 -5.13
4.72 -4.46
4.45 -3.64
4.24 -3.02
4.03 -2.34
3.79 -1.63
3.69 -1.28
4.49 -0.69
5.66 0.15
6.73 0.93
7.55 1.48
8.45 2.14
9.08 2.64
8.51 3.07
7.49 3.08
6.77 3.08
5.77 3.14
4.79 3.21
3.82 3.16
3.12 3.07
2.27 3.07
1.97 3.99
1.76 4.65
1.28 6.10
1.00 6.95
-9 3.07
-3 3.07
2.10 3.57